chq_00483_00.jpeg
0 0 1
0 1 2

chq_00458_00.jpeg
8 1 2
8 2 3

chq_00433_00.jpeg
0 4 5
0 5 6

chq_00535_00.jpeg
7 0 1
7 1 2

chq_00356_00.jpeg
8 0 1
8 1 3
8 0 2
8 2 3
8 1 2
8 2 3
0 5 6
0 6 7
0 7 8
0 8 9
0 10 11
0 11 12

chq_00573_00.jpeg
1 0 1
7 1 2
7 1 3
7 3 4
7 2 3
7 3 4
0 6 7
0 7 8

chq_00441_00.jpeg
2 0 1
2 1 2
0 1 2
0 2 3
3 3 4
1 4 5
1 4 5
1 5 6

chq_00571_00.jpeg
5 0 1
5 1 2
0 1 2
0 2 3
0 3 4
0 4 5
0 4 5
0 5 6
0 5 6
0 6 7

chq_00503_00.jpeg
4 0 1
4 1 2
4 1 2
4 2 3
4 2 3
4 3 4
4 0 2
4 2 4

chq_00364_00.jpeg
2 1 2
2 2 3

chq_00568_00.jpeg
5 3 4
5 4 5

chq_00308_00.jpeg
5 3 4
5 4 6
5 3 5
5 5 6
10 6 7
10 7 8

chq_00209_00.jpeg
5 0 1
5 1 2
5 1 2
5 2 3
5 2 3
5 3 4
5 0 2
5 2 3
10 7 8
10 8 9
5 9 10
5 10 11
0 11 12
0 12 13

chq_00394_00.jpeg
9 1 2
9 2 3
9 2 3
9 3 4
9 0 3
9 3 4
9 1 2
9 2 4

chq_00224_00.jpeg
0 2 3
0 3 4
10 4 5
10 5 6

chq_00384_00.jpeg
4 5 7
4 7 9
4 5 6
4 6 7
4 6 7
4 7 8
4 5 8
4 8 9

chq_00425_00.jpeg
7 0 1
7 1 2
7 0 1
7 1 3
7 2 3
7 3 4

chq_00526_00.jpeg
8 1 2
8 2 3
0 2 3
0 3 4
5 7 8 
5 8 9

chq_00448_00.jpeg
2 0 2
2 2 3
2 0 1
2 1 3
3 3 4
3 4 6
3 3 5
3 5 6
0 7 8
0 8 9
0 9 10
0 10 11

chq_00471_00.jpeg
2 1 2
2 2 4
2 2 3
2 3 4
7 5 6
7 6 9
7 5 6
7 6 7
5 10 11
5 11 13
5 10 11
5 11 12
5 11 12
5 12 13

chq_00252_00.jpeg
0 6 7
11 7 10

chq_00296_00.jpeg
4 0 2
0 2 3

chq_00217_00.jpeg
0 2 4
0 4 5

chq_00289_00.jpeg
0 6 7
0 7 8

chq_00496_00.jpeg
5 1 2
5 2 4
5 4 5
5 5 7

chq_00439_00.jpeg
3 3 5
3 5 6

chq_00489_00.jpeg
2 2 3
2 3 5

chq_00251_00.jpeg
8 0 1
5 1 2
0 3 4
0 4 5
0 4 5
0 5 6

chq_00619_00.jpeg
6 3 5
6 5 6

chq_00421_00.jpeg
0 3 6
0 6 9

chq_00618_00.jpeg
0 0 1
0 1 4
0 8 10
0 10 14

chq_00320_00.jpeg
11 2 3
4 3 5

chq_00491_00.jpeg
0 3 4
1 4 5
1 4 5
0 5 7

chq_00230_00.jpeg
4 0 3
4 3 4

chq_00537_00.jpeg
0 0 3
0 3 4

chq_00205_00.jpeg
6 4 5
6 5 6

chq_00272_00.jpeg
5 3 4
5 4 6

chq_00238_00.jpeg
0 2 3
0 3 4
