chq_00352_00.jpeg
2 0 1
5 1 2
0 2 3
10 3 4
0 4 5
0 5 6

chq_00483_00.jpeg
2 0 2
0 2 3
11 3 4
0 4 5
0 5 6
0 6 7
10 7 9
0 9 10
0 10 11

chq_00458_00.jpeg
2 0 1
8 1 3
0 3 4
0 4 5
10 5 6
0 6 7
0 7 8

chq_00268_00.jpeg
6 0 1
0 1 2
0 2 3
0 3 4
0 4 5
0 5 6

chq_00433_00.jpeg
6 2 3
11 3 4
0 4 6
7 6 7
0 7 8
10 8 9
0 9 10
0 10 11

chq_00377_00.jpeg
2 0 1
3 1 2
4 2 3
10 3 4
0 4 5
0 5 6

chq_00393_00.jpeg
2 0 2
0 2 3
1 3 4
7 4 5
10 5 6
4 6 10
5 10 11

chq_00356_00.jpeg
8 0 3
11 3 4
0 4 5
0 5 7
0 7 9
10 9 10
0 10 12
0 12 13

chq_00385_00.jpeg
5 0 1
9 1 2
11 2 3
5 3 4
5 4 5
6 5 6
10 6 7
0 7 8
0 8 9

chq_00535_00.jpeg
7 0 2
2 2 5
1 5 6
10 6 7
4 7 8
3 8 9

chq_00468_00.jpeg
1 0 1
1 1 2
0 2 4
10 4 5
5 5 6
0 6 7

chq_00563_00.jpeg
6 0 1
0 1 2
9 2 3
10 3 4
0 4 5
0 5 7

chq_00573_00.jpeg
1 0 1
7 1 4
10 4 5
0 5 6
0 6 8

chq_00441_00.jpeg
2 0 2
0 2 3
3 3 4
1 4 6
10 6 7
0 7 8
0 8 9

chq_00260_00.jpeg
1 0 1
3 1 2
1 2 3
10 3 4
0 4 7
0 7 9

chq_00503_00.jpeg
4 0 3
0 3 4
5 4 5
10 5 8
5 8 9
0 9 10

chq_00571_00.jpeg
5 0 2
0 2 3
0 3 5
0 5 7
10 7 8
0 8 9
0 9 10

chq_00364_00.jpeg
1 0 1
2 1 3
0 3 4
3 4 5
10 5 6
0 6 7
0 7 8

chq_00281_00.jpeg
1 0 1
6 1 2
0 2 3
10 3 4
0 4 5
0 5 6

chq_00509_00.jpeg
9 0 1
1 1 2
11 2 3
0 3 4
0 4 5
0 5 6
10 6 7
0 7 8
0 8 10

chq_00212_00.jpeg
8 0 1
1 1 2
1 2 3
0 3 4
10 4 6
0 6 9
0 9 10

chq_00345_00.jpeg
6 0 1
2 1 2
8 2 3
6 3 4
5 4 5
10 5 6
0 6 7
0 7 8

chq_00568_00.jpeg
3 0 1
3 1 2
9 2 3
5 3 5
10 5 6
0 6 7
5 7 10

chq_00547_00.jpeg
1 0 1
10 1 2
2 2 5
1 5 6

chq_00308_00.jpeg
6 0 1
3 1 2
4 2 3
5 3 6
10 6 8
9 8 9
0 9 10

chq_00551_00.jpeg
3 0 1
3 1 2
9 2 3
2 3 4
10 4 5
6 5 6
4 6 7

chq_00209_00.jpeg
5 0 3
11 3 4
1 4 5
1 5 6
1 6 7
10 7 10
5 10 12
0 12 14

chq_00353_00.jpeg
9 0 1
10 1 2
9 2 3
3 3 4

chq_00394_00.jpeg
1 0 1
9 1 3
11 3 4
0 4 5
0 5 6
0 6 7
10 7 9
0 9 10
0 10 11

chq_00528_00.jpeg
1 0 1
4 1 2
11 2 3
9 3 4
9 4 5
9 6 7
10 7 9
5 9 11
0 11 12

chq_00269_00.jpeg
6 0 1
9 1 2
0 2 3
10 3 4
5 4 5
0 5 6

chq_00384_00.jpeg
3 0 1
0 1 2
11 2 3
9 3 4
1 4 5
4 5 9
10 9 10
0 10 11
0 11 12

chq_00389_00.jpeg
5 0 1
7 1 2
9 2 3
3 3 4
4 4 5
10 5 6
0 6 7
0 7 8

chq_00425_00.jpeg
7 0 4
0 4 5
0 5 6
0 6 7
10 7 8
0 8 9
0 9 10

chq_00278_00.jpeg
1 0 1
10 1 3
0 3 4
0 4 5

chq_00224_00.jpeg
1 0 1
1 1 2
0 2 4
10 4 5
0 5 6
0 6 9

chq_00455_00.jpeg
1 0 1
2 1 2
11 2 3
2 3 4
5 4 5
0 5 6
10 6 7
0 7 8
0 8 9

chq_00526_00.jpeg
4 0 1
8 1 3
0 3 4
9 4 5
10 5 7
5 7 11
0 11 12

chq_00261_00.jpeg
3 0 1
11 1 2
0 2 3
0 3 4
0 4 5
10 5 6
0 6 7
0 7 8

chq_00521_00.jpeg
1 0 1
3 1 2
5 2 3
0 3 4
10 4 5
0 5 6
0 6 7

chq_00448_00.jpeg
2 0 3
3 3 6
10 6 7
0 7 9
0 9 11

chq_00493_00.jpeg
9 0 1
9 1 2
11 2 3
9 3 4
9 4 5
9 5 6
10 6 7
0 7 8
0 8 9

chq_00263_00.jpeg
2 0 1
3 1 2
11 2 3
0 3 4
6 4 5
0 5 6
10 6 8
0 8 9
0 9 10

chq_00466_00.jpeg
3 0 1
5 1 2
11 2 3
0 3 4
0 4 5
0 5 6
10 6 7
0 7 8
0 8 9

chq_00471_00.jpeg
1 0 1
2 1 4
0 4 5
7 5 9
0 9 10
5 10 13
10 13 14
9 14 15
4 15 19

chq_00602_00.jpeg
9 0 1
3 1 2
3 2 3
7 3 6
10 6 7
6 7 8
0 8 9

chq_00368_00.jpeg
4 0 4
9 4 5
11 5 6
9 6 7
0 7 8
2 8 9
10 9 10
0 10 11
0 11 12

chq_00481_00.jpeg
1 0 1
0 1 2
0 2 3
10 3 4
0 4 5
0 5 6

chq_00529_00.jpeg
1 0 1
10 1 3
0 3 6
0 6 7

chq_00482_00.jpeg
1 0 1
5 1 2
11 2 3
0 3 4
0 4 5
0 5 6
10 6 7
0 7 8
0 8 9

chq_00258_00.jpeg
2 0 1
7 1 2
0 2 3
6 3 4
10 4 7
2 7 8
9 8 9

chq_00562_00.jpeg
7 0 1
2 1 2
9 2 3
8 4 5
10 5 7
2 8 11
0 11 12

chq_00576_00.jpeg
6 0 1
0 1 2
0 2 3
10 3 4
0 4 5
0 5 6

chq_00454_00.jpeg
2 0 2
1 2 3
1 3 4
2 4 5
10 5 6
0 6 7
0 7 8

chq_00504_00.jpeg
6 0 1
0 1 2
10 2 5
0 5 6
0 6 7

chq_00316_00.jpeg
7 0 3
5 3 5
0 5 6
10 6 7
0 7 8
0 8 9

chq_00527_00.jpeg
9 0 1
5 1 2
10 2 3
6 3 4
0 4 5

chq_00520_00.jpeg
5 0 2
4 2 6
10 6 7
0 7 8
0 8 10

chq_00442_00.jpeg
5 0 2
11 2 3
0 3 4
0 4 5
0 5 6
10 6 7
0 7 9
0 9 10

chq_00326_00.jpeg
3 0 1
5 1 2
0 2 3
10 3 4
0 4 5
0 5 7

chq_00314_00.jpeg
4 0 3
7 3 6
0 6 7
0 7 8
10 8 9
0 9 11
0 11 12

chq_00590_00.jpeg
3 0 1
1 1 2
5 2 4
6 4 6
10 6 8
0 8 9
0 9 10

chq_00220_00.jpeg
1 0 1
1 1 2
0 2 3
10 3 5
0 5 9
0 9 13

chq_00438_00.jpeg
1 0 1
2 1 4
0 4 5
0 5 6
10 6 7
0 7 9
0 9 11

chq_00434_00.jpeg
4 0 4
5 4 5
0 5 6
10 6 7
0 7 8
0 8 9

chq_00390_00.jpeg
5 0 1
9 1 2
11 2 3
5 3 4
0 4 5
6 5 6
10 6 7
0 7 8
0 8 9

chq_00265_00.jpeg
3 0 2
4 2 4
11 4 5
7 5 8
0 8 9
0 9 10
10 10 12
0 12 13
0 13 14

chq_00554_00.jpeg
8 0 1
1 1 2
5 2 3
10 3 5
7 5 6
5 6 7

chq_00307_00.jpeg
7 0 1
8 1 2
9 3 4
10 4 5
0 5 6
0 6 7

chq_00358_00.jpeg
4 0 3
3 3 4
11 4 5
4 5 6
3 6 7
4 7 8
10 8 9
0 9 10
0 10 11

chq_00440_00.jpeg
1 0 1
4 1 2
1 2 3
1 3 4
10 4 5
0 5 6
0 6 8

chq_00400_00.jpeg
8 0 1
11 1 2
0 2 3
0 3 4
0 4 5
10 5 6
2 6 7
5 7 8

chq_00375_00.jpeg
1 0 1
5 1 2
11 2 3
7 3 5
8 5 7
9 7 8
10 8 10
6 10 11
3 11 12

chq_00617_00.jpeg
1 0 1
4 1 2
11 2 3
6 3 4
2 4 5
4 5 6
10 6 7
0 7 8
0 8 9

chq_00350_00.jpeg
1 0 1
10 1 2
0 2 3
0 3 5

chq_00246_00.jpeg
1 0 1
9 1 2
0 2 3
11 3 4
0 4 5
0 5 6
0 6 7
11 7 8
0 8 9
0 9 10
0 10 11
10 11 12
0 12 13
0 13 14

chq_00473_00.jpeg
4 0 1
11 1 2
0 2 3
0 3 4
0 4 6
11 6 7
2 7 8
1 8 9
0 9 10
10 11 13
1 13 14
0 14 15

chq_00242_00.jpeg
1 0 1
5 1 2
2 2 3
1 3 4
10 4 6
2 6 7
1 7 8

chq_00304_00.jpeg
1 0 1
5 1 2
11 2 3
3 3 4
0 4 5
8 5 6
10 6 7
9 7 8
9 8 9

chq_00249_00.jpeg
1 0 1
0 1 2
0 2 3
11 3 4
0 4 5
0 5 6
0 6 8
11 8 9
0 9 10
0 10 11
0 11 12
10 12 13
0 13 14
0 14 15

chq_00619_00.jpeg
2 0 3
6 3 6
0 6 7
0 7 9
0 9 10
10 10 11
0 11 12
0 12 13

chq_00331_00.jpeg
1 0 1
4 1 5
0 5 6
10 6 8
0 8 9
0 9 11

chq_00205_00.jpeg
6 0 1
11 1 2
0 2 3
1 3 4
6 4 6
10 6 8
8 8 10
0 10 13

chq_00325_00.jpeg
8 0 1
11 1 2
0 2 3
0 3 4
0 4 5
11 5 6
0 6 7
0 7 8
0 8 9
10 9 10
0 10 11
0 11 12

chq_00271_00.jpeg
9 0 2
0 2 3
0 3 4
11 4 5
0 5 6
0 6 7
0 7 8
10 8 9
0 9 10
0 10 11

chq_00467_00.jpeg
3 0 3
0 3 4
0 4 5
10 5 6
0 6 7
0 7 8

chq_00474_00.jpeg
8 0 1
1 1 2
0 2 3
0 3 4
0 4 5
10 5 8
0 8 9
0 9 10

chq_00583_00.jpeg
3 0 3
1 3 4
5 4 5
11 5 6
0 6 7
0 7 8
0 8 9
10 9 10
0 10 11
0 11 13

chq_00251_00.jpeg
8 0 3
11 3 4
0 4 6
0 6 7
0 7 8
10 8 9
0 9 10
0 10 13

chq_00395_00.jpeg
2 0 2
4 2 3
11 3 4
0 4 5
0 5 7
0 7 8
10 8 9
0 9 10
0 10 11

chq_00349_00.jpeg
8 0 1
8 1 2
11 2 3
8 3 4
8 4 5
8 5 6
10 6 7
0 7 8
0 8 9

chq_00386_00.jpeg
9 0 1
0 1 2
11 2 3
4 3 4
8 4 5
4 5 6
10 6 7
0 7 9
0 9 11

chq_00285_00.jpeg
1 0 1
0 1 2
0 2 3
10 3 4
0 4 7
0 7 9

chq_00298_00.jpeg
1 0 1
0 1 2
0 2 4
11 4 5
0 5 6
0 6 7
0 7 8
10 8 9
0 9 10
0 10 11

chq_00292_00.jpeg
5 0 1
2 1 2
9 2 3
9 3 4
5 4 5
10 5 6
0 6 7
0 7 8

chq_00319_00.jpeg
8 0 1
1 1 2
6 2 3
3 3 4
2 4 5
10 5 6
0 6 7
0 7 8

chq_00252_00.jpeg
11 7 9

chq_00330_00.jpeg
2 0 1
11 1 2
7 2 6
2 6 7
0 7 8
10 8 9
0 9 10
0 10 11

chq_00296_00.jpeg
4 0 3
0 3 4
2 4 5
2 5 6
10 6 8
2 8 10
6 10 11

chq_00243_00.jpeg
1 0 1
6 1 2
6 2 3
6 3 4
10 4 5
6 5 6
6 6 7

chq_00616_00.jpeg
1 0 1
6 1 2
11 2 3
1 3 4
0 4 5
1 5 6
10 6 7
0 7 8
0 8 9

chq_00217_00.jpeg
2 0 2
7 2 5
11 5 6
1 6 7
1 7 8
1 8 9
10 9 11
0 11 13
0 13 14

chq_00289_00.jpeg
2 0 1
1 1 2
2 2 3
11 3 4
1 4 5
1 5 6
0 6 8
11 8 9
0 9 10
0 10 11
0 11 12
10 12 14
0 14 17
0 17 18

chq_00283_00.jpeg
1 0 1
1 1 2
0 2 3
10 3 5
0 5 6
0 6 8

chq_00513_00.jpeg
4 0 1
0 1 2
0 2 4
11 4 5
0 5 6
0 6 8
0 8 10
10 10 11
0 11 12
0 12 13

chq_00396_00.jpeg
1 0 1
3 1 4
11 4 5
0 5 6
0 6 7
0 7 9
10 9 10
0 10 11
0 11 12

chq_00610_00.jpeg
4 0 1
3 1 2
5 2 5
1 5 7
10 7 8
0 8 9
0 9 10

chq_00341_00.jpeg
4 0 1
7 1 2
11 2 3
5 3 4
2 4 5
7 5 6
10 6 7
4 7 8
7 8 9

chq_00496_00.jpeg
1 0 1
5 1 4
5 4 7
10 7 8
0 8 9
0 9 11

chq_00439_00.jpeg
2 0 2
0 2 3
3 3 6
9 6 7
10 7 9
2 9 11
5 11 15

chq_00502_00.jpeg
0 0 2
10 2 4
1 4 5
0 5 6

chq_00250_00.jpeg
8 0 2
11 2 3
0 3 4
0 4 5
0 5 9
10 9 10
0 10 13
0 13 14

chq_00297_00.jpeg
2 0 1
3 1 2
0 2 3
11 3 4
0 4 5
0 5 6
0 6 7
11 7 8
0 8 9
0 9 10
0 10 11
10 11 12
0 12 13
0 13 14

chq_00300_00.jpeg
1 0 1
0 1 2
2 2 3
6 3 4
10 4 6
1 6 7
9 7 8

chq_00430_00.jpeg
2 0 4
1 4 5
4 5 6
3 6 7
10 7 8
4 8 9
3 9 12

chq_00550_00.jpeg
1 0 1
11 1 2
1 2 3
7 3 4
0 4 5
10 5 7
0 7 8
0 8 9

chq_00373_00.jpeg
2 0 4
11 4 5
5 5 6
7 6 7
9 7 8
10 8 9
0 9 11
0 11 12

chq_00621_00.jpeg
3 0 3
11 3 4
0 4 5
0 5 6
0 6 7
10 7 8
0 8 9
0 9 10

chq_00572_00.jpeg
2 0 1
5 1 2
11 2 3

chq_00379_00.jpeg
2 0 1
3 1 2
11 2 3
0 3 4
0 4 6
0 6 8
11 8 9
0 9 10
0 10 12
0 12 14
10 14 15
0 15 16
0 16 17

chq_00370_00.jpeg
4 0 2
9 2 3
11 3 4
8 4 5
3 5 6
2 6 7
10 7 8
0 8 9
0 9 10

chq_00215_00.jpeg
9 0 2
8 2 4
4 4 7
0 7 9
10 9 11
0 11 12
0 12 13

chq_00489_00.jpeg
1 0 1
0 1 2
2 2 5
10 5 6
0 6 8
0 8 9

chq_00587_00.jpeg
4 0 1
2 1 2
11 2 3
0 3 4
0 4 5
0 5 6
10 6 7
0 7 8
0 8 10

chq_00228_00.jpeg
9 0 2
1 2 3
11 3 4
0 4 5
0 5 6
0 6 7
10 7 9
0 9 11
0 11 12

chq_00214_00.jpeg
2 0 3
8 3 4
0 4 5
1 5 6
10 6 7
1 7 8
0 8 9

chq_00323_00.jpeg
6 0 1
11 1 2
5 2 3
3 3 4
0 4 5
10 5 7
0 7 8
0 8 11

chq_00277_00.jpeg
1 0 1
0 1 2
8 2 4
10 4 5
0 5 6
0 6 7

chq_00302_00.jpeg
1 0 1
11 1 2
6 2 3
0 3 4
0 4 5
10 5 6
0 6 7
0 7 8

chq_00478_00.jpeg
1 0 1
11 1 2
2 2 3
3 3 4
4 4 5
10 5 6
5 6 9
6 9 10

chq_00387_00.jpeg
8 0 1
1 1 2
11 2 3
6 3 4
8 4 5
2 5 6
10 6 8
0 8 9
0 9 10

chq_00424_00.jpeg
3 0 1
1 1 2
4 2 3
7 3 4
10 4 5
0 5 6
0 6 8

chq_00210_00.jpeg
1 0 1
0 1 2
11 2 3
1 3 4
2 4 5
0 5 6
10 6 8
4 8 12
0 12 13

chq_00227_00.jpeg
1 0 1
0 1 2

chq_00321_00.jpeg
9 1 2

chq_00477_00.jpeg
1 0 1
11 1 2
2 2 3
3 3 4
4 4 5
10 5 6
0 6 7
0 7 8

chq_00479_00.jpeg
1 0 1
2 1 2
3 2 3
4 3 7
5 7 10
6 10 11
10 11 12
7 12 13
8 13 14

chq_00607_00.jpeg
1 0 1
7 1 2
10 2 3
0 3 4
0 4 5

chq_00256_00.jpeg
3 0 1
7 1 2
5 2 3
0 3 4
10 4 5
0 5 6
0 6 7

chq_00272_00.jpeg
7 0 3
5 3 6
0 6 7
10 7 9
0 9 10
0 10 12

chq_00491_00.jpeg
4 0 1
0 1 2
11 2 3
0 3 4
0 4 6
0 6 7
10 7 9
0 9 10
0 10 12

chq_00581_00.jpeg
1 0 1
5 1 2
11 2 3
0 3 4
0 4 6
0 6 8
10 8 9
0 9 10
0 10 11

chq_00555_00.jpeg
9 0 1
9 1 2
9 2 3
8 3 4
10 4 5
0 5 6
2 6 9

chq_00238_00.jpeg
1 0 1
0 1 2
9 2 4
11 4 5
0 5 6
0 6 8
0 8 9
10 9 10
0 10 13
0 13 15

chq_00324_00.jpeg
1 0 1
9 1 2
11 2 3
4 3 4
1 4 5
4 5 6
10 6 7
4 7 10
0 10 11

chq_00340_00.jpeg
3 0 1
11 1 2
6 2 3
4 3 5
2 5 6
10 6 7
6 7 8
7 8 9

chq_00421_00.jpeg
1 0 1
8 1 3
0 3 6
10 6 7
0 7 8
0 8 9

chq_00613_00.jpeg
2 0 1
4 1 2
0 2 3
0 3 4
10 4 5
0 5 6
0 6 7

chq_00618_00.jpeg
4 0 3
0 3 4
0 4 5
11 5 6
0 6 7
0 7 8
0 8 10
11 10 11
0 11 13
0 13 14
0 14 15
10 15 16
0 16 17
0 17 18

chq_00320_00.jpeg
9 0 1
0 1 2
11 2 3
4 3 4

chq_00601_00.jpeg
1 0 1
10 1 3
0 3 6
0 6 7

chq_00530_00.jpeg
5 0 3
4 3 4
3 4 5
3 5 6
10 6 8
3 8 9
3 9 10

chq_00495_00.jpeg
3 0 1
2 1 2
11 2 3
0 3 4
0 4 6
0 6 7
10 7 8
0 8 9
0 9 11

chq_00207_00.jpeg
1 0 1
2 1 2
11 2 3

chq_00383_00.jpeg
9 0 1
6 1 2
11 2 3
5 3 4
8 4 6
0 6 7
10 7 8
0 8 9
0 9 11

chq_00335_00.jpeg
2 0 1
8 1 2
5 2 4
3 4 5
10 5 7
6 7 8
1 8 9

chq_00266_00.jpeg
7 0 1
9 1 2
2 2 3
10 3 4
0 4 6
0 6 8

chq_00291_00.jpeg
2 0 2
6 2 4
11 4 5
0 5 6
6 6 7
0 7 8
10 8 10
0 10 11
0 11 12

chq_00288_00.jpeg
1 0 1
2 1 3
3 3 4
11 4 5
4 5 6
5 6 7
6 7 8
11 8 9
7 9 13
8 13 14
9 14 15
10 15 16
0 16 17
0 17 18

chq_00286_00.jpeg
7 0 1
6 1 2
5 2 3
10 3 4
0 4 5
0 5 6

chq_00497_00.jpeg
1 0 1
2 1 2
7 2 3
10 3 4
0 4 6
0 6 9

chq_00264_00.jpeg
3 0 1
6 1 2
11 2 3
9 3 4
0 4 5
0 5 6
10 6 7
0 7 8
0 8 9

chq_00230_00.jpeg
4 0 4
3 4 5
3 5 6
2 6 7
10 7 9
7 9 13
7 13 16

chq_00241_00.jpeg
4 0 4
6 4 5
8 5 6
11 6 7
0 7 8
0 8 9
0 9 11
10 11 12
0 12 13
0 13 14

chq_00460_00.jpeg
2 0 1
11 1 2
7 2 4
5 4 5
4 5 6
10 6 7
2 7 8
8 8 9

chq_00578_00.jpeg
4 0 1
2 1 4
1 4 5
7 5 6
10 6 7
5 7 8
6 8 10

chq_00317_00.jpeg
3 0 1
1 1 2
5 2 4
8 4 6
10 6 9
0 9 12
0 12 15

chq_00537_00.jpeg
3 0 4
10 4 6
0 6 9
0 9 11

chq_00347_00.jpeg
3 0 2

chq_00244_00.jpeg
6 0 2
5 2 4
0 4 6
10 6 7
0 7 10
0 10 12

chq_00376_00.jpeg
3 0 1
11 1 2
5 2 3
6 3 4
7 4 5
10 5 7
0 7 8
0 8 11

chq_00369_00.jpeg
3 0 1
9 1 2
11 2 3
9 3 4
8 4 6
0 6 7
10 7 10
0 10 11
0 11 12

chq_00240_00.jpeg
1 0 1
0 1 2
1 2 3
11 3 4
0 4 5
0 5 7
0 7 8
10 8 10
0 10 11
0 11 13

chq_00270_00.jpeg
8 0 1
9 1 3
7 3 4
9 4 5
10 5 8
0 8 9
0 9 10

chq_00492_00.jpeg
2 9 11

chq_00435_00.jpeg
1 0 1

chq_00213_00.jpeg
1 0 1
4 1 2
1 2 3

chq_00444_00.jpeg
4 0 4

chq_00239_00.jpeg
0 7 8

chq_00257_00.jpeg
2 0 1

chq_00096_00.jpeg
5 1 4

chq_00100_00.jpeg
4 0 1
